30,37,18
37,30,18
8,28,19
28,8,19
6,18,29
18,6,29
5,39,32
12,13,32
13,12,32
39,5,32
20,29,38
29,20,38
23,42,46
42,23,46
1,41,61
8,33,61
33,8,61
41,1,61
15,29,75
29,15,75
3,21,93
21,3,93
16,23,94
23,16,94
11,29,95
29,11,95
